.Random.seed <-
c(403L, 10L, -1854488768L, -416119010L, -326256663L, 1444027675L, 
1175172906L, 164808780L, 1769652239L, -336950459L, -1015767812L, 
-240932014L, 1845882061L, 1734069383L, 1467422574L, 1965746504L, 
-1790882485L, 755077289L, 1788924408L, 378282278L, -794672575L, 
-1471386669L, -1043523198L, 919711156L, -1253443273L, 1708846125L, 
398678340L, 24350314L, -346887979L, -1442707857L, 575001462L, 
2012677280L, -492200605L, -1506923007L, -1368920720L, 2124836110L, 
249180025L, 537153291L, 1476038714L, -1471668420L, -1137763201L, 
-2012205099L, -2051374612L, -1387154622L, 1243421853L, -1125341929L, 
-2118951810L, -915131336L, 177034011L, -1049012103L, 1083769032L, 
-92239626L, 555112753L, 1450897763L, 1301275442L, 1224567940L, 
-1027761977L, -1561377891L, -1835210988L, 1020108218L, -1951613947L, 
-864710177L, -1312877466L, 2065478640L, -149975789L, -1964330319L, 
194633056L, 117166846L, 729337481L, 1404631483L, -1047534710L, 
-836187540L, 947979247L, -2061128667L, -74795812L, 2127334066L, 
367357357L, 1765142887L, -1091400050L, 1273829224L, 953175915L, 
1242503433L, -13594728L, -402737466L, -124582879L, -1570778957L, 
-1202091486L, -550466540L, -1551343465L, 2092880525L, -108936284L, 
-1066746486L, 1355524597L, 305628239L, -32349354L, 51501568L, 
-1093700797L, -247508255L, -447102896L, 1107796142L, 954061913L, 
-1751948181L, -2098320934L, -2028473700L, -716698465L, 1686404853L, 
2071708556L, -271658398L, -718772675L, -854341449L, -369379490L, 
-55346536L, 692447739L, -1632365671L, 448818216L, 216177878L, 
-847722159L, -1192957949L, -326996078L, -956941020L, -14642201L, 
831252541L, -965110092L, 2127084826L, 1087721061L, 1039385343L, 
1692374918L, -1764857584L, -1232578125L, -2104556975L, -1173712384L, 
1573981918L, -322419415L, 567724251L, 37883882L, 1367289740L, 
1626366159L, 300408965L, -697621700L, 457808402L, -1203687155L, 
327301703L, 469278766L, 1015240072L, 1230679179L, 521864809L, 
-568337864L, 1584990950L, 1048454785L, -1270846957L, 1698483650L, 
-362084748L, 184260727L, 895244653L, 510664196L, -962474710L, 
-2064078187L, 72687919L, 908899382L, -1098100640L, 2078668451L, 
584987073L, 1601293744L, 1382876366L, -551325127L, 73630795L, 
-1010711046L, -781500164L, -360852161L, -554653163L, -1552228052L, 
-1664134654L, -1285480227L, -778357801L, 1402457790L, -379537160L, 
-255097125L, -949469895L, 1300154504L, 251924534L, 2082497649L, 
419401379L, 1014031346L, -1982245052L, -1434920953L, 1509881309L, 
-208293164L, 224116218L, -54513339L, 485152159L, 960735014L, 
798959536L, 97682515L, -2057240719L, 2120332960L, -579298754L, 
-1904119479L, 1217335291L, 985584586L, 1313860908L, 1760747823L, 
991236069L, -1439347044L, 1826544370L, 2102188909L, 1292395687L, 
1585675982L, -299125720L, 1564772395L, 766495305L, -1507581096L, 
-1766707706L, -132532255L, -1542912653L, 547663330L, 1975869780L, 
339529815L, -794952627L, -1101746204L, -1052451382L, -321690571L, 
1093640847L, -399320170L, 1902798656L, 210897411L, -711954399L, 
1896487696L, -1283770130L, -1807796071L, 1182222920L, -1662855156L, 
1816595548L, 275780050L, -1125091840L, 1365504340L, -1902477080L, 
-820432646L, 1762207440L, -1063778004L, -512567052L, 1704488338L, 
-929781408L, 1038608396L, 2050460384L, 734691938L, -520799576L, 
1282685516L, 81176444L, -1702646478L, 479790704L, 1419426628L, 
830130136L, 415448954L, -1643426256L, 453441468L, 323106388L, 
-963925950L, -318201696L, 1413033660L, 1979058640L, -350223518L, 
1835270888L, 1889468620L, -343727620L, 1384040946L, -1526490496L, 
-651758092L, 1201768072L, -676561094L, 1449509712L, -1244785556L, 
-376333932L, -191028142L, 520219104L, -301450036L, -1606521696L, 
-2086193790L, -1673568024L, -2078712084L, -13161156L, 1983462514L, 
-1069465488L, 1304909860L, 56454200L, -1552156902L, 240270544L, 
581056316L, 658397076L, -755430526L, 477950400L, 1421389372L, 
935069072L, -540023262L, -1169007352L, 948242060L, -1564764388L, 
617996434L, 491415936L, -2113749484L, -1142362328L, -392572358L, 
1391826384L, 1295485292L, -268467276L, 1249478674L, 2015825376L, 
949944268L, -1633853216L, 421754914L, 1520156968L, -2041356788L, 
1413750588L, -1983366158L, 730565360L, -483547580L, 1917854296L, 
1628700474L, 1547671024L, -824340804L, -2143233772L, 498408130L, 
1261030496L, 510210940L, 15566800L, -140361438L, 635292328L, 
1464546188L, -449189700L, -682186958L, 2001168960L, -1386732364L, 
162937416L, 1975795130L, -1252222448L, -961058068L, 289745236L, 
-1250737902L, 620993952L, -1626088756L, -1604977056L, -717946942L, 
-1387249880L, 990039980L, 573207356L, -1682126478L, 1564236592L, 
-1515600604L, 1297726264L, 388290266L, 1075789712L, 1655746300L, 
-1597152364L, 444889154L, -674364160L, -906566596L, 1126211920L, 
-1429313374L, 448911688L, 748660492L, 296702684L, 1640385874L, 
-222208896L, 1379147860L, -1153861656L, 1668563194L, 280980304L, 
1846435628L, 1978833268L, 1631292306L, -60807072L, 1483564428L, 
-1956463776L, 984812002L, 956230568L, 346299596L, -467503108L, 
-397408846L, -1035866640L, -419062844L, -1363862184L, 1656402298L, 
-2102350928L, -2004909636L, 596437076L, 1344458690L, -2059577312L, 
-498902852L, -51117488L, 67136482L, -1027766168L, 358358092L, 
1597700348L, 1757076466L, 158234880L, -706518668L, 525050888L, 
-1091420230L, 589861328L, -178357268L, 2015639956L, -755449390L, 
-1228443296L, -1289212084L, 2051713312L, -2046429310L, -695750936L, 
894705900L, -1868241860L, 682842994L, -1890875792L, -882095068L, 
196780856L, 190766234L, 524135120L, 1313759420L, 1473003156L, 
1449520770L, -712714048L, 465009468L, -246739824L, -799072734L, 
-2071814136L, -1125694196L, 1023706268L, 203644434L, -205975680L, 
1597826580L, -367820248L, 1993092410L, 1941488080L, 1113537644L, 
-1726097100L, 744697490L, -126889120L, -1297063092L, -296503328L, 
154261410L, 1193375656L, -1386771060L, 581628092L, -1534045838L, 
-1583264528L, 1952059460L, -615564968L, -826606022L, 92806000L, 
-317843396L, 2084558612L, 1122385346L, 1440879328L, 140177276L, 
-1633771824L, -1180536670L, -2036947928L, -1841445620L, 1940410300L, 
224532049L, 1410035158L, 1865466036L, -532251451L, -359449073L, 
-2007812472L, -1931510874L, 1292546899L, 550673589L, 1581308434L, 
-1683933216L, -1317098935L, -208560005L, -1451822772L, 1635706074L, 
-262011697L, -1821060967L, -681407314L, 2052012476L, 1331216941L, 
2069788119L, -492037088L, 1658044798L, -610447541L, -1640475315L, 
-557769862L, 647085496L, 1005395809L, -410511597L, -1490309324L, 
153386306L, 724332887L, 1690598561L, -207592090L, -2122234012L, 
-1563449707L, -588341313L, 830350168L, 2124996982L, 7005059L, 
698646981L, 209602274L, -800241840L, 107463289L, 158295467L, 
686926620L, -635831222L, 1046177855L, -1448216439L, 1838161054L, 
-617051828L, -1084108515L, -1030996825L, -25883696L, 453112686L, 
803975707L, 1267045245L, -352652950L, 247672840L, 775641265L, 
679802659L, -2073422812L, 2001880786L, 499082023L, -175381135L, 
-1717408842L, -389722284L, -1928623643L, 59257839L, 1101202216L, 
-2028944506L, 675282867L, 517109525L, -1324965518L, -1151523392L, 
-61467095L, 377596571L, -1729752212L, -827233414L, -77736785L, 
600612793L, 1712257486L, 103390492L, 61626509L, 1125029111L, 
1761832960L, 499233374L, -1275204309L, 1023200813L, 1411577498L, 
-1948597672L, -1112859199L, 1565139571L, -1471275116L, 1353444898L, 
1797050679L, 378585089L, -2035901178L, -2057254588L, 1582292085L, 
1718103519L, 89061688L, 1200124694L, -164361437L, -884539163L, 
575757570L, 1834250096L, 1827868441L, 75155211L, 1416111100L, 
-1957224406L, 954436703L, -1710488599L, -491188994L, 37045484L, 
68237373L, 1694895111L, 1761466352L, 1764385678L, -1520983621L, 
589111197L, -2536118L, -430389912L, -2050929839L, -396466109L, 
965259588L, 547768818L, 1186749383L, 1430760849L, -1025212138L, 
1297224052L, -299350011L, -1312911281L, -592440248L, -1203844634L, 
-174385389L, 974585973L, -1770700206L, 585508000L, -14615159L, 
-1898803781L, -802145780L, -449137766L, -27895025L, 1456724313L, 
-1256870930L, -1112362372L, 1764561645L, -176634473L, 1983168096L, 
